[
7491313,
7489420,
7488596,
7488385,
7487668,
7487619,
7486803,
7485121,
7484527,
7484382,
7483967,
7483757,
7481919,
7481838,
7481674,
7476234,
7476230,
7476087,
7470811,
7469595,
7469515,
7469218,
7468004,
7467716,
7467478,
7466037,
7465034,
7464687,
7464665,
7464517,
7463614,
7462804,
7462727,
7457526,
7457216,
7456988,
7456663,
7456653,
7455042,
7454529,
7453581,
7452323,
7452220,
7452096,
7451714,
7451625,
7451552,
7450507,
7449800,
7449499,
7448615,
7447115,
7446697,
7446219,
7446200,
7445655,
7445421,
7445259,
7445250,
7445115,
7444616,
7444376,
7442468,
7442341,
7441790,
7439917,
7439357,
7438831,
7438563,
7438405,
7438393,
7438326,
7436007,
7435304,
7434398,
7434362,
7434253,
7434028,
7432602,
7431246,
7431116,
7430789,
7429764,
7429576,
7428901,
7428772,
7427798,
7424891,
7424885,
7423818,
7421935,
7421934,
7421122,
7420383,
7420193,
7419442,
7418421,
7415418,
7415126,
7413948,
7413188,
7411714,
7410527,
7410242,
7409941,
7409716,
7409593,
7408654,
7408492,
7408488,
7408484,
7408133,
7406867,
7405346,
7404565,
7403933,
7403731,
7403628,
7403114,
7402982,
7402702,
7401770,
7399845,
7399248,
7397655,
7397533,
7395782,
7395710,
7394306,
7389629,
7389420,
7389362,
7387678,
7383474,
7382779,
7382440,
7382038,
7381552,
7380962,
7380523,
7380294,
7379583,
7379420,
7379038,
7378788,
7377244,
7376907,
7375587,
7375113,
7374835,
7373753,
7373174,
7372439,
7371789,
7371664,
7370814,
7370431,
7369739,
7369113,
7368207,
7368066,
7367263,
7365516,
7363445,
7359536,
7359464,
7357621,
7356135,
7354882,
7353984,
7353413,
7352805,
7352703,
7352063,
7350984,
7350940,
7350861,
7350802,
7350713,
7350649,
7350224,
7349762,
7349602,
7349470,
7349375,
7349199,
7349198,
7348984,
7348717,
7345836,
7342539,
7341653,
7341403,
7340309,
7339195,
7338725,
7338698,
7338655,
7338622,
7338559,
7338165,
7338104,
7337899,
7336579,
7333556,
7332199,
7331417,
7329855,
7329505,
7329175,
7329038,
7328892,
7327890,
7324518,
7324283,
7324234,
7324042,
7323932,
7323894,
7323270,
7323143,
7322548,
7322396,
7322171,
7321185,
7320395,
7319327,
7319001,
7318961,
7318950,
7317512,
7314537,
7314355,
7313602,
7313176,
7312816,
7312348,
7312032,
7311906,
7311243,
7310337,
7308136,
7307531,
7307447,
7307356,
7302641,
7302640,
7301981,
7301530,
7301224,
7299998,
7299998,
7298063,
7297873,
7295391,
7295232,
7295157,
7295148,
7295107,
7294739,
7294683,
7294671,
7294559,
7294294,
7293226,
7291903,
7290802,
7290759,
7290655,
7290637,
7290614,
7290329,
7290007,
7289950,
7289805,
7287246,
7287177,
7286989,
7286874,
7285960,
7285818,
7285694,
7284648,
7284604,
7284481,
7284009,
7283906,
7283639,
7283491,
7281837,
7281828,
7281653,
7281318,
7280388,
7280368,
7280294,
7280288,
7278752,
7278066,
7277967,
7277545,
7277374,
7276770,
7276745,
7276032,
7275509,
7275119,
7275065,
7275062,
7274871,
7274800,
7274474,
7273909,
7273458,
7272930,
7272657,
7272564,
7272429,
7272405,
7272369,
7271766,
7270241,
7269023,
7268972,
7268777,
7268760,
7267625,
7266484,
7265633,
7265445,
7264899,
7256601,
7256196,
7255798,
7255148,
7254177,
7253922,
7253647,
7253318,
7253040,
7252379,
7252051,
7252018,
7251751,
7251593,
7249561,
7249137,
7248726,
7248295,
7248163,
7247672,
7247661,
7247400,
7247208,
7247075,
7246960,
7246825,
7246578,
7245501,
7245386,
7245386,
7244791,
7244712,
7244703,
7243114,
7242661,
7241554,
7240253,
7239459,
7239310,
7238988,
7238659,
7237563,
7237311,
7237098,
7236351,
7236296,
7236253,
7235584,
7235445,
7234184,
7234025,
7233720,
7232429,
7229415,
7228032,
7227736,
7227404,
7227067,
7227004,
7226609,
7225978,
7225942,
7225027,
7224434,
7224184,
7222960,
7222903,
7222875,
7222321,
7222175,
7222146,
7221955,
7221569,
7221256,
7220789,
7220385,
7219869,
7219741,
7219369,
7218085,
7218033,
7217135,
7216172,
7215987,
7215218,
7214918,
7214714,
7214136,
7213284,
7212870,
7212490,
7212457,
7212194,
7212110,
7211582,
7210788,
7209619,
7209583,
7209155,
7208898,
7206374,
7206155,
7205550,
7205410,
7204366,
7203439,
7203404,
7200006,
7199501,
7199249,
7199121,
7198953,
7197915,
7196082,
7195907,
7195783,
7195660,
7195565,
7195536,
7195473,
7195397,
7194444,
7194190,
7193014,
7192314,
7191962,
7191920,
7191704,
7191687,
7191537,
7191334,
7191199,
7191051,
7191026,
7190696,
7190326,
7189992,
7189979,
7189403,
7188954,
7188607,
7188472,
7187857,
7187478,
7187315,
7187304,
7187094,
7186962,
7185570,
7185184,
7184930,
7184920,
7184842,
7184464,
7184394,
7184270,
7183510,
7183284,
7183235,
7183164,
7182895,
7181618,
7181591,
7181292,
7181254,
7181240,
7179513,
7177953,
7176980,
7176656,
7176638,
7175755,
7175748,
7175672,
7175483,
7174344,
7172599,
7172590,
7172316,
7171817,
7171538,
7171313,
7171303,
7170937,
7170700,
7170097,
7169780,
7169579,
7169563,
7167308,
7167302,
7167260,
7166863,
7166841,
7166788,
7166638,
7166237,
7166208,
7166108,
7165711,
7165355,
7165059,
7165033,
7165026,
7164856,
7164762,
7164101,
7164078,
7164064,
7164048,
7163884,
7163117,
7162421,
7161710,
7161516,
7161502,
7160855,
7160736,
7160622,
7160568,
7160172,
7159831,
7158722,
7158663,
7158627,
7158512,
7158406,
7156585,
7156380,
7155911,
7155589,
7152800,
7152375,
7151732,
7151696,
7151561,
7151516,
7151435,
7151112,
7151018,
7150968,
7150717,
7149810,
7148411,
7146356,
7146268,
7145648,
7145010,
7144867,
7144464,
7142509,
7141597,
7140963,
7140959,
7140117,
7139908,
7139574,
7138748,
7137509,
7137477,
7137405,
7137145,
7136701,
7134720,
7134449,
7134338,
7133860,
7133813,
7133574,
7133472,
7133427,
7133394,
7133315,
7132221,
7132139,
7131712,
7131545,
7131146,
7130706,
7130108,
7129864,
7129694,
7129147,
7129045,
7129044,
7128427,
7128392,
7128070,
7126453,
7125918,
7125746,
7125742,
7125585,
7125568,
7125531,
7125527,
7125518,
7125495,
7125396,
7125318,
7124446,
7124262,
7124039,
7123420,
7123176,
7122106,
7121844,
7121109,
7117512,
7117373,
7117085,
7115034,
7114880,
7113927,
7113687,
7113323,
7113291,
7112629,
7111847,
7111138,
7111097,
7110997,
7110829,
7110638,
7110606,
7110113,
7109855,
7109342,
7109146,
7108980,
7108283,
7108272,
7108063,
7107988,
7107672,
7107643,
7107466,
7107342,
7107083,
7106606,
7105868,
7105830,
7105809,
7105389,
7105262,
7104198,
7103521,
7103511,
7103150,
7102881,
7102795,
7102717,
7102029,
7102022,
7101672,
7101454,
7101076,
7101075,
7100451,
7100362,
7100001,
7099945,
7099900,
7099110,
7099022,
7098613,
7098014,
7097943,
7097939,
7097860,
7097631,
7096838,
7096773,
7096399,
7096071,
7096010,
7094860,
7093572,
7093457,
7093329,
7093282,
7093251,
7093249,
7093158,
7093124,
7093109,
7093031,
7092690,
7092373,
7091891,
7091028,
7091016,
7091014,
7089958,
7089520,
7089224,
7089165,
7089141,
7087875,
7087845,
7087818,
7087604,
7087406,
7087246,
7087162,
7087056,
7087026,
7086787,
7086269,
7086103,
7085522,
7084588,
7084102,
7083890,
7083511,
7083511,
7083176,
7082864,
7082417,
7082176,
7081646,
7081444,
7081338,
7081333,
7081297,
7080942,
7080770,
7080743,
7080603,
7080553,
7080518,
7080310,
7080026,
7079743,
7079155,
7079121,
7078891,
7078285,
7078187,
7078156,
7077985,
7077711,
7077544,
7077122,
7077057,
7076561,
7076379,
7076338,
7076277,
7076089,
7075965,
7075955,
7075919,
7075733,
7075338,
7075316,
7075299,
7074182,
7073914,
7073664,
7073304,
7073239,
7072695,
7072606,
7072449,
7071650,
7071625,
7070944,
7070810,
7069812,
7069715,
7069625,
7069594,
7069561,
7069362,
7069271,
7068889,
7068862,
7068760,
7068661,
7068612,
7068546,
7068539,
7068527,
7068501,
7068449,
7068443,
7068161,
7068156,
7067666,
7067560,
7067465,
7067286,
7067260,
7067185,
7067164,
7067156,
7067099,
7067074,
7066587,
7066410,
7066146,
7065237,
7065211,
7065188,
7064942,
7064717,
7064683,
7064590,
7064333,
7063703,
7063534,
7063391,
7063222,
7062006,
7061517,
7061467,
7061369,
7061272,
7061012,
7060914,
7060705,
7060555,
7060427,
7060037,
7059319,
7058872,
7058386,
7058101,
7058009,
7057645,
7056492,
7056392,
7056355,
7054987,
7054521,
7054353,
7054347,
7054278,
7053875,
7053410,
7053367,
7053276,
7053165,
7053155,
7053145,
7053140,
7053127,
7053126,
7053052,
7052605,
7052461,
7052100,
7051836,
7051790,
7051789,
7051732,
7051339,
7050978,
7050887,
7050220,
7050089,
7049963,
7049962,
7049777,
7049056,
7048694,
7048692,
7048686,
7048531,
7047865,
7047855,
7047197,
7047048,
7046982,
7046598,
7046028,
7045356,
7045307,
7045298,
7045261,
7045205,
7044714,
7044126,
7044097,
7044055,
7044051,
7044039,
7043921,
7043846,
7043455,
7043339,
7043036,
7042805,
7042169,
7042125,
7041830,
7041698,
7041576,
7041480,
7041346,
7041339,
7041272,
7040931,
7040632,
7040625,
7040178,
7039980,
7039876,
7039872,
7039828,
7039826,
7039419,
7039215,
7039209,
7039150,
7038877,
7038573,
7038346,
7038188,
7037806,
7037720,
7036887,
7036099,
7035957,
7034921,
7034804,
7034397,
7034087,
7033105,
7033090,
7033064,
7033017,
7032849,
7032120,
7031990,
7031974,
7031854,
7031797,
7031530,
7031475,
7031324,
7031303,
7030991,
7029224,
7029214,
7027886,
7027839,
7027220,
7026653,
7026409,
7026021,
7025447,
7025025,
7024869,
7024677,
7023035,
7022777,
7022366,
7022068,
7021623,
7021348,
7021226,
7020522,
7020395,
7020348,
7019842,
7019476,
7018649,
7017762,
7017615,
7016264,
7015838,
7015667,
7015022,
7015000,
7014207,
7014184,
7014073,
7013874,
7013845,
7013768,
7013724,
7012989,
7012686,
7012418,
7011333,
7010496,
7010261,
7009462,
7009132,
7008947,
7008911,
7008682,
7008075,
7007932,
7007414,
7006633,
7006444,
7006029,
7005864,
7005737,
7004942,
7004876,
7004314,
7004181,
7003950,
7003825,
7002469,
7002172,
7001405,
7000689,
7000112,
7000000,
6999987,
6999788,
6999773,
6999193,
6999148,
6998825,
6998816,
6998699,
6998463,
6998303,
6998253,
6998244,
6998202,
6998171,
6998158,
6998001,
6997819,
6997733,
6997513,
6997429,
6996524,
6996450,
6996285,
6996247,
6996201,
6996152,
6995731,
6995598,
6995219,
6995066,
6993000,
6992861,
6992861,
6992861,
6992860,
6992860,
6992860,
6992788,
6992711,
6992648,
6992637,
6991857,
6991699,
6990458,
6989433,
6989326,
6989109,
6988724,
6988306,
6988209,
6988198,
6988195,
6988103,
6988041,
6987966,
6987815,
6987772,
6987749,
6987382,
6987378,
6986521,
6986477,
6986433,
6986417,
6986390,
6985509,
6985379,
6984582,
6983734,
6983638,
6982587,
6982544,
6981138,
6980734,
6979623,
6978285,
6977734,
6977426,
6977334,
6976237,
6975872,
6974815,
6974680,
6974484,
6974153,
6973571,
6973106,
6973071,
6973054,
6972912,
6972406,
6972197,
6971794,
6971074,
6971065,
6970651,
6970635,
6970159,
6969503,
6969478,
6969162,
6969133,
6969102,
6968911,
6968579,
6968251,
6967860,
6967300,
6967175,
6966993,
6966774,
6966571,
6966392,
6966267,
6966240,
6966069,
6965914,
6965405,
6965309,
6964820,
6964659,
6964514,
6964406,
6964290,
6964061,
6963969,
6963962,
6963624,
6963551,
6963538,
6963249,
6962054,
6961862,
6961760,
6961287,
6960947,
6960850,
6960786,
6960617,
6960396,
6960386,
6960369,
6960130,
6959493,
6959377,
6959287,
6959257,
6958780,
6958552,
6958485,
6957921,
6957817,
6957560,
6956897,
6956843,
6956776,
6956634,
6956614,
6956152,
6955699,
6955073,
6954840,
6954582,
6954360,
6954346,
6953871,
6953694,
6953618,
6953517,
6953448,
6953094,
6952500,
6951560,
6951340,
6951278,
6951253,
6951199,
6951181,
6950725,
6950044,
6948133,
6946624,
6946218,
6946214,
6945817,
6945585,
6945114,
6944975,
6944796,
6944752,
6943833,
6943772,
6943578,
6943354,
6943344,
6943169,
6942845,
6942688,
6941365,
6941313,
6940543,
6940176,
6940110,
6940067,
6939740,
6938959,
6938675,
6938524,
6937845,
6937539,
6937168,
6937090,
6936528,
6936244,
6936120,
6936091,
6935766,
6935711,
6935308,
6935264,
6934893,
6934807,
6934745,
6934623,
6934549,
6934489,
6934324,
6934073,
6934043,
6933796,
6933743,
6933317,
6933092,
6932538,
6932131,
6930270,
6930002,
6929634,
6929503,
6929308,
6928862,
6928794,
6928761,
6928568,
6928490,
6928423,
6928180,
6927751,
6927451,
6927100,
6926785,
6925885,
6925844,
6925824,
6925641,
6924764,
6924550,
6924328,
6923560,
6923175,
6922026,
6921780,
6921159,
6921086,
6920992,
6920555,
6920491,
6920057,
6919585,
6918530,
6918373,
6917898,
6917426,
6916809,
6915751,
6915716,
6915465,
6915239,
6915227,
6914941,
6914124,
6913966,
6913853,
6913833,
6913121,
6912879,
6912872,
6912846,
6912845,
6912514,
6912044,
6911809,
6911802,
6911042,
6911038,
6911000,
6910835,
6910698,
6910602,
6910155,
6909935,
6909929,
6909598,
6909432,
6908897,
6908849,
6908821,
6908697,
6908685,
6908413,
6908354,
6908272,
6908147,
6907773,
6907765,
6907642,
6907415,
6906954,
6906921,
6906687,
6906565,
6906560,
6906547,
6906530,
6906511,
6906503,
6906450,
6906114,
6906075,
6906006,
6905966,
6905888,
6905756,
6905443,
6905252,
6905153,
6904858,
6904842,
6904634,
6904550,
6904438,
6904110,
6903927,
6903442,
6903440,
6903426,
6903347,
6903336,
6903235,
6903211,
6902989,
6902940,
6902539,
6902480,
6902446,
6902359,
6902234,
6902221,
6902169,
6902042,
6902034,
6902022,
6901978,
6901932,
6901826,
6901671,
6901632,
6901543,
6901516,
6901410,
6901333,
6901003,
6900884,
6900756,
6900730,
6900326,
6900021,
6899851,
6899840,
6899647,
6899509,
6899483,
6899462,
6899040,
6899029,
6898858,
6898625,
6898431,
6898384,
6898229,
6898086,
6897982,
6897392,
6897342,
6897334,
6897292,
6897246,
6896825,
6896800,
6896771,
6896656,
6896635,
6896547,
6896486,
6896360,
6895670,
6895441,
6894910,
6894827,
6894483,
6894362,
6893820,
6893700,
6893699,
6893197,
6892767,
6892503,
6892447,
6892153,
6891954,
6891169,
6891147,
6891059,
6891041,
6890549,
6890494,
6890446,
6890313,
6889918,
6889660,
6889599,
6888751,
6888745,
6888694,
6888301,
6888205,
6888200,
6888055,
6887911,
6887852,
6887805,
6887663,
6886776,
6886433,
6886352,
6885650,
6885646,
6885598,
6885577,
6885215,
6884964,
6884959,
6884590,
6884540,
6883971,
6883916,
6883879,
6883746,
6883460,
6883237,
6883057,
6882482,
6882407,
6882158,
6882141,
6882123,
6882106,
6882088,
6882083,
6881772,
6881590,
6881586,
6881480,
6881447,
6881402,
6881388,
6881315,
6881167,
6881153,
6881133,
6881116,
6881109,
6881087,
6880915,
6880897,
6880866,
6880806,
6880694,
6880639,
6880122,
6880014,
6879755,
6879725,
6879715,
6879645,
6879638,
6879507,
6879488,
6879235,
6879196,
6879194,
6879176,
6879163,
6879086,
6878926,
6878671,
6878541,
6878401,
6878353,
6878303,
6878154,
6878095,
6877978,
6877956,
6877809,
6877529,
6877453,
6877308,
6877293,
6877241,
6877114,
6876759,
6876635,
6876593,
6876589,
6876503,
6876489,
6876485,
6876422,
6876342,
6876108,
6875760,
6875351,
6875323,
6874721,
6874658,
6874617,
6874534,
6874439,
6874432,
6874431,
6874282,
6874155,
6874023,
6873985,
6873980,
6873796,
6873466,
6873359,
6873343,
6873084,
6873083,
6873048,
6872999,
6872875,
6872839,
6872677,
6872667,
6872658,
6872416,
6872346,
6872346,
6872124,
6871985,
6871985,
6871971,
6871769,
6871497,
6871452,
6871415,
6871354,
6871185,
6871114,
6870899,
6870740,
6870604,
6870550,
6870535,
6870383,
6870382,
6870154,
6870149,
6870135,
6870069,
6869985,
6869925,
6869551,
6869330,
6869326,
6869248,
6869202,
6869179,
6869137,
6869047,
6869006,
6868942,
6868819,
6868797,
6868542,
6868472,
6868404,
6868326,
6868306,
6868039,
6868031,
6867993,
6867966,
6867788,
6867780,
6867780,
6867722,
6867713,
6867652,
6867183,
6866842,
6866820,
6866705,
6866453,
6866384,
6866364,
6866310,
6866017,
6866005,
6865953,
6865811,
6865630,
6865580,
6865391,
6864958,
6864954,
6864693,
6864380,
6864232,
6864205,
6864039,
6863514,
6863469,
6863468,
6863076,
6863064,
6863044,
6863034,
6863031,
6862888,
6862877,
6862847,
6862699,
6862661,
6862543,
6861974,
6861814,
6861716,
6861210,
6861074,
6861057,
6860671,
6860670,
6860632,
6860568,
6860368,
6860360,
6860080,
6859777,
6859587,
6859533,
6859479,
6859388,
6859023,
6858544,
6858522,
6858505,
6858457,
6858418,
6857822,
6857742,
6857738,
6857650,
6857530,
6857525,
6857506,
6857381,
6857372,
6857339,
6857189,
6856882,
6856849,
6856803,
6856762,
6856712,
6856365,
6856303,
6856284,
6856282,
6856016,
6856009,
6855960,
6855937,
6855846,
6855770,
6855716,
6855674,
6855326,
6855315,
6855205,
6855200,
6855199,
6855188,
6855178,
6855158,
6855137,
6855136,
6854842,
6854482,
6854433,
6854389,
6854305,
6854218,
6854154,
6854136,
6853971,
6853948,
6853945,
6853842,
6853800,
6853792,
6853785,
6853653,
6853646,
6853610,
6853472,
6853367,
6853248,
6853171,
6853112,
6853109,
6852816,
6852681,
6852583,
6852562,
6852522,
6852513,
6852512,
6852502,
6852496,
6852494,
6852472,
6852377,
6852368,
6852343,
6852251,
6852143,
6852141,
6852017,
6851957,
6851956,
6851892,
6851792,
6851784,
6851765,
6851686,
6851625,
6851615,
6851563,
6851562,
6851501,
6851459,
6851393,
6851374,
6851341,
6851334,
6851140,
6851018,
6851007,
6851002,
6850964,
6850927,
6850894,
6850861,
6850809,
6850801,
6850701,
6850560,
6850529,
6850518,
6850479,
6850388,
6850301,
6850280,
6850272,
6850239,
6850197,
6850115,
6850091,
6850075,
6850051,
6849971,
6849960,
6849879,
6849810,
6849770,
6849632,
6849630,
6849621,
6849591,
6849558,
6849427,
6849409,
6849405,
6849336,
6849322,
6849282,
6849279,
6849216,
6849130,
6849061,
6849048,
6849022,
6848974,
6848968,
6848967,
6848879,
6848860,
6848838,
6848823,
6848745,
6848727,
6848681,
6848659,
6848618,
6848595,
6848551,
6848490,
6848483,
6848471,
6848365,
6848263,
6848234,
6848188,
6848159,
6848144,
6848039,
6848017,
6847966,
6847953,
6847906,
6847883,
6847867,
6847861,
6847857,
6847856,
6847848,
6847847,
6847842,
6847822,
6847813,
6847799,
6847789,
6847787,
6847759,
6847756,
6847739,
6847708,
6847686,
6847664,
6847582,
6847549,
6847537,
6847532,
6847530,
6847529,
6847525,
6847523,
6847434,
6847340,
6847307,
6847218,
6847216,
6847204,
6847076,
6847057,
6847055,
6847047,
6847041,
6847029,
6847013,
6846964,
6846953,
6846915,
6846895,
6846886,
6846871,
6846865,
6846851,
6846840,
6846825,
6846816,
6846808,
6846804,
6846765,
6846757,
6846746,
6846670,
6846669,
6846634,
6846629,
6846590,
6846581,
6846572,
6846561,
6846523,
6846496,
6846490,
6846484,
6846480,
6846378,
6846374,
6846363,
6846348,
6846301,
6846275,
6846272,
6846268,
6846268,
6846259,
6846220,
6846210,
6846187,
6846181,
6846165,
6846081,
6846040,
6846032,
6846032,
6846021,
6846020,
6846018,
6846016,
6846010,
6846008,
6846003,
6845994,
6845947,
6845940,
6845936,
6845928,
6845915,
6845909,
6845906,
6845905,
6845896,
6845882,
6845865,
6845810,
6845808,
6845759,
6845688,
6845661,
6845613,
6845613,
6845606,
6845542,
6845512,
6845500,
6845468,
6845467,
6845455,
6845455,
6845454,
6845450,
6845430,
6845415,
6845415,
6845410,
6845381,
6845372,
6845361,
6845312,
6845298,
6845277,
6845264,
6845263,
6845243,
6845237,
6845210,
6845195,
6845190,
6845186,
6845169,
6845150,
6845143,
6845135,
6845117,
6845048,
6845012,
6844957,
6844945,
6844936,
6844906,
6844905,
6844836,
6844826,
6844821,
6844816,
6844769,
6844768,
6844761,
6844752,
6844734,
6844711,
6844689,
6844672,
6844664,
6844661,
6844644,
6844609,
6844598,
6844588,
6844551,
6844548,
6844547,
6844540,
6844517,
6844491,
6844413,
6844383,
6844381,
6844365,
6844352,
6844345,
6844283,
6844282,
6844252,
6844246,
6844235,
6844212,
6844211,
6844197,
6844172,
6844153,
6844127,
6844126,
6844119,
6844094,
6844092,
6844052,
6844016,
6844007,
6843998,
6843994,
6843989,
6843987,
6843969,
6843953,
6843904,
6843893,
6843886,
6843885,
6843847,
6843834,
6843818,
6843804,
6843775,
6843769,
6843758,
6843749,
6843741,
6843734,
6843731,
6843730,
6843729,
6843726,
6843709,
6843695,
6843694,
6843694,
6843686,
6843686,
6843685,
6843684,
6843678,
6843678,
6843676,
6843673,
6843656,
6843651,
6843642,
6843619,
6843617,
6843604,
6843603,
6843594,
6843589,
6843586,
6843579,
6843579,
6843571,
6843565,
6843562,
6843557,
6843554,
6843552,
6843547,
6843547,
6843545,
6843545,
6843544,
6843536,
6843531,
6843531,
6843529,
6843529,
6843526,
6843524,
6843521,
6843517,
6843514,
6843512,
6843510,
6843509,
6843507,
6843507,
6843505,
6843500,
6843500,
6843496,
6843489,
6843474,
6843470,
6843462,
6843462,
6843453,
6843453,
6843444,
6843438,
6843435,
6843432,
6843429,
6843429,
6843429,
6843424,
6843422,
6843422,
6843421,
6843419,
6843418,
6843416,
6843414,
6843411,
6843411,
6843408,
6843407,
6843403,
6843399,
6843390,
6843390,
6843378,
6843377,
6843376,
6843369,
6843359,
6843357,
6843353,
6843351,
6843350,
6843350,
6843344,
6843336,
6843328,
6843327,
6843325,
6843319,
6843318,
6843316,
6843315,
6843315,
6843315,
6843313,
6843310,
6843308,
6843307,
6843306,
6843305,
6843304,
6843302,
6843299,
6843297,
6843295,
6843294,
6843294,
6843287,
6843286,
6843285,
6843280,
6843275,
6843273,
6843271,
6843270,
6843269,
6843269,
6843267,
6843265,
6843261,
6843259,
6843257,
6843255,
6843254,
6843253,
6843252,
6843251,
6843251,
6843248,
6843245,
6843244,
6843241,
6843239,
6843239,
6843238,
6843237,
6843237,
6843236,
6843229,
6843226,
6843225,
6843225,
6843225,
6843222,
6843221,
6843219,
6843214,
6843213,
6843210,
6843209,
6843208,
6843208,
6843208,
6843206,
6843203,
6843202,
6843201,
6843200,
6843199,
6843198,
6843197,
6843195,
6843191,
6843191,
6843191,
6843187,
6843185,
6843155,
6843101,
6843062,
6843052,
6842987,
6842970,
6842957,
6842840,
6842799,
6842792,
6842758,
6842753,
6842738,
6842697,
6842677,
6842674,
6842654,
6842627,
6842619,
6842611,
6842537,
6842470,
6842448,
6842447,
6842441,
6842416,
6842413,
6842409,
6842388,
6842231,
6842228,
6842143,
6842109,
6841987,
6841870,
6841829,
6841803,
6841495,
6841449,
6841157,
6840979,
6840970,
6840952,
6840870,
6840834,
6840804,
6840788,
6840778,
6840652,
6840647,
6840593,
6840575,
6840448,
6840441,
6840346,
6840184,
6840072,
6840033,
6839990,
6839945,
6839863,
6839858,
6839851,
6839754,
6839629,
6839583,
6839565,
6839428,
6839419,
6839356,
6839261,
6839255,
6839179,
6839173,
6839159,
6839092,
6839078,
6838987,
6838984,
6838960,
6838959,
6838849,
6838589,
6838536,
6838509,
6838498,
6838489,
6838342,
6838292,
6838248,
6838196,
6838068,
6838031,
6837767,
6837724,
6837697,
6837503,
6837410,
6837329,
6837320,
6837267,
6837067,
6836980,
6836971,
6836932,
6836835,
6836825,
6836719,
6836679,
6836533,
6836428,
6836021,
6836009,
6835866,
6835585,
6835539,
6835421,
6835418,
6835276,
6835255,
6835227,
6835002,
6834959,
6834761,
6834746,
6834731,
6834675,
6834650,
6834542,
6834510,
6834498,
6834309,
6834210,
6834131,
6834050,
6834026,
6833903,
6833864,
6833692,
6833006,
6832975,
6832825,
6832824,
6832647,
6832587,
6832503,
6832376,
6832360,
6832346,
6832312,
6832274,
6832145,
6832130,
6831926,
6831618,
6831617,
6831545,
6831438,
6831188,
6831128,
6831119,
6831117,
6830915,
6830855,
6830575,
6830473,
6829852,
6829753,
6829699,
6829445,
6828856,
6828769,
6828007,
6827920,
6827901,
6827715,
6827559,
6827356,
6826939,
6826023,
6825639,
6825599,
6825122,
6823328,
6822659,
6821348,
6821074,
6821064,
6821059,
6820986,
6820479,
6820164,
6819104,
6818442,
6818280,
6818276,
6817532,
6817338,
6816973,
6816796,
6816478,
6815936,
6815789,
6815482,
6814632,
6814613,
6814539,
6813848,
6813449,
6812945,
6812060,
6811878,
6811505,
6810979,
6810963,
6810606,
6810597,
6810544,
6810482,
6810477,
6810314,
6810100,
6810049,
6809949,
6809898,
6809828,
6809781,
6809444,
6809233,
6809089,
6809007,
6809002,
6808981,
6808974,
6808942,
6808922,
6808836,
6808616,
6808603,
6808583,
6808515,
6808114,
6808108,
6808031,
6807957,
6807829,
6807663,
6807594,
6807551,
6807532,
6807513,
6807477,
6807459,
6807390,
6807388,
6807322,
6807316,
6807315,
6807229,
6807148,
6807125,
6807022,
6807021,
6807019,
6807014,
6806966,
6806943,
6806942,
6806927,
6806887,
6806869,
6806839,
6806835,
6806811,
6806809,
6806789,
6806767,
6806742,
6806721,
6806690,
6806672,
6806636,
6806607,
6806600,
6806521,
6806506,
6806456,
6806441,
6806412,
6806410,
6805927,
6805192,
6804650,
6804620,
6804610,
6804576,
6804326,
6803885,
6802733,
6802411,
6802330,
6802243,
6802114,
6800785,
6799215,
6798027,
6797926,
6797665,
6797122,
6797017,
6796779,
6796445,
6796238,
6796201,
6796185,
6795976,
6795808,
6795474,
6795327,
6795175,
6795143,
6795089,
6795058,
6794971,
6794922,
6794880,
6794853,
6794579,
6794085,
6793964,
6793612,
6793593,
6793463,
6793296,
6793209,
6793051,
6793050,
6792967,
6792775,
6792736,
6792275,
6792057,
6791729,
6791597,
6791208,
6790718,
6790525,
6789890,
6789570,
6787614,
6787279,
6787157,
6787072,
6786945,
6785699,
6785188,
6785093,
6783073,
6782654,
6782506,
6782034,
6781434,
6781359,
6781110,
6780770,
6780712,
6780214,
6779126,
6777573,
6776974,
6775901,
6773200,
6773153,
6772935,
6770807,
6770765,
6770302,
6770118,
6766803,
6766649,
6766387,
6766293,
6766206,
6765838,
6765306,
6765147,
6764889,
6764825,
6764427,
6764395,
6764278,
6764192,
6764040,
6763920,
6763661,
6763484,
6763467,
6763310,
6763086,
6763060,
6762865,
6762602,
6762578,
6762540,
6762470,
6762254,
6762182,
6762171,
6761974,
6761722,
6760767,
6760658,
6760601,
6760190,
6759747,
6759209,
6759066,
6758855,
6758694,
6758568,
6758480,
6758458,
6758428,
6758114,
6756978,
6756643,
6755496,
6755496,
6754904,
6753769,
6753285,
6753266,
6753214,
6752968,
6751592,
6751408,
6751261,
6751226,
6749863,
6749003,
6748760,
6747820,
6747705,
6747350,
6747199,
6747147,
6746641,
6746194,
6745402,
6745381,
6745047,
6744750,
6742656,
6742641,
6742365,
6741885,
6741393,
6741334,
6741321,
6741269,
6741266,
6741069,
6740891,
6740838,
6740257,
6740089,
6740025,
6739739,
6739139,
6739080,
6738267,
6738174,
6738119,
6737906,
6737350,
6737151,
6737150,
6736961,
6736620,
6736238,
6735072,
6734811,
6734324,
6734289,
6734082,
6734007,
6733963,
6732731,
6732714,
6732450,
6732444,
6731280,
6731241,
6731233,
6731058,
6731027,
6730911,
6730841,
6730178,
6729607,
6729597,
6727672,
6727596,
6727461,
6727448,
6727082,
6726518,
6725923,
6725043,
6724214,
6723974,
6723881,
6723835,
6723822,
6723614,
6723556,
6722520,
6722138,
6719860,
6718718,
6718339,
6718092,
6717652,
6715820,
6715777,
6715777,
6715074,
6714926,
6714910,
6714856,
6714723,
6714289,
6714140,
6713683,
6713446,
6713399,
6713067,
6712394,
6712380,
6711285,
6711136,
6710798,
6710686,
6710679,
6710656,
6710593,
6710355,
6709748,
6709317,
6709239,
6709229,
6708750,
6708671,
6708619,
6708442,
6708143,
6708001,
6707581,
6706974,
6706953,
6706890,
6706659,
6706650,
6705994,
6705925,
6705733,
6705698,
6704970,
6704855,
6704789,
6704750,
6704701,
6704667,
6704629,
6704607,
6704214,
6704142,
6704015,
6703259,
6702654,
6702413,
6702069,
6701749,
6701667,
6701257,
6700922,
6700575,
6699916,
6699406,
6699345,
6699316,
6699228,
6699067,
6699037,
6698741,
6697958,
6697456,
6697355,
6697313,
6697105,
6696961,
6695830,
6695818,
6695112,
6694183,
6693639,
6693586,
6693393,
6693346,
6693294,
6692624,
6692275,
6692270,
6691855,
6691321,
6691128,
6691041,
6690758,
6689603,
6689597,
6689509,
6688000,
6687364,
6687179,
6686812,
6686551,
6686080,
6685968,
6685350,
6685324,
6685297,
6685231,
6685162,
6684475,
6684066,
6683196,
6682696,
6682348,
6681994,
6681788,
6681752,
6681476,
6681407,
6680950,
6680815,
6680401,
6680336,
6680325,
6680136,
6680089,
6680075,
6679583,
6678344,
6677451,
6677412,
6677412,
6677206,
6677193,
6677187,
6677140,
6677099,
6676943,
6676756,
6676718,
6676679,
6676460,
6675413,
6675406,
6674386,
6673369,
6672509,
6672441,
6672439,
6672156,
6671285,
6671270,
6671078,
6670617,
6670443,
6670414,
6670327,
6670296,
6670243,
6670150,
6670142,
6670132,
6670004,
6669911,
6669850,
6669492,
6669059,
6669041,
6668940,
6668409,
6668399,
6668043,
6668033,
6667268,
6666726,
6666714,
6666590,
6665323,
6665055,
6664997,
6664864,
6664351,
6664165,
6664075,
6663677,
6663507,
6663230,
6663220,
6662327,
6662274,
6659999,
6658856,
6656737,
6656490,
6656200,
6655360,
6655235,
6653767,
6653504,
6653452,
6653029,
6652175,
6651983,
6651005,
6650931,
6650562,
6650373,
6650324,
6650316,
6650152,
6649969,
6649571,
6649363,
6649346,
6648966,
6648823,
6648424,
6648155,
6647545,
6647440,
6645991,
6645934,
6645392,
6645129,
6644915,
6644065,
6643788,
6643747,
6643725,
6643379,
6642621,
6642110,
6641742,
6640805,
6640732,
6639889,
6639322,
6639081,
6638764,
6638693,
6638470,
6638228,
6638196,
6637619,
6637336,
6637076,
6635803,
6635601,
6635322,
6635051,
6634755,
6634747,
6633721,
6633494,
6633423,
6633405,
6633184,
6632317,
6631765,
6630880,
6630009,
6629823,
6629640,
6629201,
6629146,
6629090,
6628842,
6628475,
6628405,
6628384,
6628355,
6626532,
6626283,
6626197,
6626196,
6625638,
6625319,
6625263,
6625224,
6625214,
6625213,
6624962,
6624589,
6624474,
6623094,
6622778,
6622514,
6620682,
6620567,
6620429,
6620304,
6619467,
6619192,
6618890,
6618452,
6618360,
6618279,
6617618,
6617538,
6617530,
6617473,
6616156,
6616131,
6615896,
6615040,
6613171,
6612212,
6611679,
6609767,
6608956,
6607536,
6607441,
6607156,
6605952,
6605719,
6605217,
6603619,
6603609,
6603467,
6603159,
6603012,
6602704,
6602098,
6601900,
6601895,
6601397,
6599751,
6599652,
6599102,
6598707,
6598260,
6597189,
6597152,
6596469,
6596448,
6596422,
6595436,
6593750,
6593619,
6592489,
6592330,
6592233,
6591730,
6591552,
6591438,
6591307,
6591086,
6591030,
6590999,
6590368,
6590134,
6589455,
6589419,
6589350,
6589348,
6589146,
6588804,
6588573,
6588506,
6588254,
6588206,
6587761,
6587272,
6587258,
6587244,
6587063,
6587005,
6586462,
6585563,
6585509,
6585162,
6583568,
6583065,
6582590,
6581957,
6580781,
6580764,
6580751,
6579790,
6579731,
6579729,
6579670,
6579635,
6578549,
6578392,
6578095,
6577972,
6577929,
6577619,
6577599,
6576922,
6575543,
6575294,
6574956,
6574464,
6574148,
6571953,
6571730,
6570611,
6569905,
6569259,
6569175,
6568781,
6568761,
6568747,
6568723,
6568669,
6568653,
6568464,
6568200,
6566908,
6566329,
6566085,
6565196,
6565051,
6564611,
6564562,
6564136,
6564116,
6561813,
6561411,
6560975,
6560697,
6560328,
6560227,
6560153,
6560146,
6559847,
6559369,
6559106,
6558071,
6558046,
6558037,
6556439,
6556350,
6556189,
6554317,
6553918,
6553896,
6552309,
6552279,
6552278,
6551961,
6551888,
6551875,
6550760,
6550614,
6550370,
6550364,
6550361,
6550352,
6550125,
6549226,
6549216,
6549214,
6549214,
6549165,
6548528,
6548326,
6547824,
6547807,
6546648,
6546553,
6546528,
6546219,
6546080,
6546072,
6546057,
6545764,
6545758,
6545412,
6545395,
6544756,
6544645,
6544209,
6544143,
6543380,
6542987,
6542828,
6542505,
6542469,
6541327,
6540847,
6540832,
6540756,
6540259,
6539926,
6539802,
6539479,
6539405,
6539077,
6538921,
6538161,
6537407,
6537184,
6536708,
6536512,
6535907,
6535860,
6535513,
6534911,
6534632,
6534434,
6534410,
6534283,
6534014,
6533845,
6533700,
6533682,
6533620,
6533537,
6533534,
6533521,
6533255,
6532583,
6532502,
6532481,
6532074,
6531937,
6531419,
6531405,
6531162,
6531021,
6531014,
6530969,
6530937,
6530883,
6530084,
6530036,
6529750,
6527949,
6527933,
6527927,
6527139,
6527102,
6527034,
6526741,
6526730,
6525685,
6525403,
6525395,
6525375,
6525179,
6525120,
6524293,
6524280,
6524057,
6523635,
6523617,
6523187,
6523136,
6523018,
6522991,
6522751,
6521832,
6520375,
6520316,
6520306,
6520247,
6520208,
6520122,
6519919,
6519897,
6519831,
6519761,
6519735,
6519725,
6519713,
6519177,
6519074,
6519006,
6518661,
6518500,
6518470,
6518418,
6518375,
6518351,
6518262,
6518089,
6518060,
6518032,
6517904,
6517842,
6517710,
6517663,
6517661,
6517598,
6517517,
6517505,
6516664,
6516617,
6516222,
6515388,
6514890,
6514884,
6514812,
6514711,
6514604,
6514486,
6514305,
6513935,
6513761,
6513746,
6512695,
6512440,
6512400,
6511860,
6511572,
6509957,
6509876,
6509546,
6509413,
6508982,
6508857,
6508541,
6508449,
6508421,
6508225,
6508118,
6508034,
6506923,
6506820,
6505546,
6505178,
6504196,
6504184,
6503855,
6503819,
6503354,
6503313,
6503297,
6503186,
6502985,
6502127,
6501413,
6501397,
6501397,
6501318,
6501208,
6501186,
6501180,
6501119,
6501013,
6500941,
6500644,
6500615,
6500461,
6500225,
6500222,
6499975,
6499974,
6499898,
6499805,
6499037,
6498901,
6498689,
6498678,
6498321,
6498159,
6497970,
6497883,
6497857,
6497797,
6497769,
6497760,
6497693,
6497672,
6497602,
6497508,
6497499,
6497149,
6496938,
6496339,
6496269,
6495661,
6494968,
6494410,
6494068,
6493684,
6493353,
6492004,
6491052,
6490429,
6488617,
6488544,
6488516,
6488143,
6487416,
6486595,
6486096,
6485684,
6484424,
6484409,
6484263,
6483496,
6483357,
6482917,
6482894,
6481924,
6481748,
6481741,
6481311,
6481277,
6481157,
6481075,
6480336,
6480230,
6480212,
6480189,
6479975,
6479865,
6479612,
6479013,
6478012,
6477944,
6477871,
6477609,
6477518,
6477295,
6477260,
6476872,
6476300,
6474846,
6474751,
6474588,
6473631,
6473542,
6473210,
6472132,
6471214,
6470484,
6470478,
6470470,
6470313,
6469982,
6469319,
6469164,
6469145,
6469039,
6468996,
6468907,
6468458,
6468416,
6467907,
6466852,
6466723,
6465830,
6465261,
6463813,
6462650,
6462545,
6462443,
6462164,
6461055,
6460812,
6458737,
6457405,
6457337,
6456849,
6455834,
6454573,
6454047,
6453875,
6453799,
6452210,
6451683,
6451399,
6451392,
6451087,
6450881,
6450652,
6450605,
6450434,
6449653,
6449565,
6449553,
6449239,
6448593,
6448490,
6448052,
6447675,
6447054,
6446532,
6446492,
6445975,
6445800,
6445747,
6445070,
6444983,
6444684,
6444640,
6443953,
6443414,
6443113,
6442784,
6442527,
6441774,
6441522,
6441376,
6441156,
6438735,
6438641,
6438612,
6437795,
6436906,
6436130,
6436047,
6435995,
6435982,
6435886,
6435043,
6434813,
6434139,
6434056,
6433680,
6433582,
6433115,
6432841,
6432609,
6432524,
6432185,
6431896,
6431344,
6430257,
6429973,
6429896,
6429647,
6429343,
6429288,
6429152,
6429092,
6428181,
6427337,
6426425,
6426378,
6426309,
6425702,
6425117,
6424936,
6424868,
6424243,
6424024,
6423444,
6423278,
6423030,
6422880,
6422561,
6422545,
6422467,
6422420,
6421722,
6421542,
6420787,
6420702,
6420698,
6420693,
6419978,
6419939,
6419782,
6419777,
6419773,
6419545,
6419519,
6419329,
6419302,
6418899,
6418377,
6418347,
6417850,
6417816,
6416675,
6416531,
6416397,
6416257,
6415398,
6415335,
6414606,
6414300,
6414005,
6413650,
6413299,
6413247,
6413156,
6413153,
6412947,
6412769,
6412240,
6412191,
6411668,
6411642,
6411550,
6411399,
6411159,
6408815,
6408146,
6407764,
6407561,
6407258,
6407243,
6406259,
6405953,
6405549,
6405464,
6405002,
6404960,
6404609,
6404571,
6403649,
6402288,
6402070,
6401449,
6401051,
6399677,
6399190,
6398501,
6398176,
6397969,
6397521,
6397073,
6396938,
6396899,
6396589,
6396131,
6395977,
6395939,
6395484,
6394914,
6394702,
6394263,
6394248,
6393874,
6393761,
6393563,
6392583,
6392432,
6391923,
6391873,
6391424,
6391082,
6390734,
6390384,
6390180,
6390118,
6389952,
6389121,
6388983,
6388700,
6388653,
6388647,
6388236,
6388146,
6387828,
6387609,
6387517,
6387415,
6387403,
6387367,
6385423,
6385355,
6384772,
6384197,
6384188,
6384130,
6383988,
6383389,
6383302,
6382931,
6382690,
6382467,
6382333,
6381785,
6381736,
6381702,
6381465,
6381251,
6380455,
6380447,
6380387,
6378224,
6377936,
6377167,
6377161,
6376310,
6376303,
6375618,
6374818,
6374770,
6373870,
6372940,
6372074,
6371920,
6370051,
6369505,
6369411,
6367951,
6367781,
6367182,
6367147,
6367043,
6367031,
6366835,
6366736,
6366631,
6366550,
6366302,
6365738,
6365249,
6365219,
6364864,
6364516,
6364122,
6363612,
6363432,
6363313,
6363205,
6363180,
6362919,
6362731,
6362642,
6362592,
6362456,
6362420,
6362365,
6362204,
6362015,
6361927,
6361753,
6360744,
6360616,
6360555,
6359125,
6359096,
6358642,
6357517,
6357450,
6357134,
6357041,
6356972,
6356479,
6356433,
6356387,
6356267,
6355716,
6355089,
6354803,
6354002,
6353690,
6353676,
6353599,
6353437,
6353230,
6353173,
6352426,
6352301,
6351482,
6350798,
6349079,
6348126,
6348009,
6347773,
6346638,
6346618,
6346565,
6346343,
6346055,
6345654,
6345337,
6344757,
6344537,
6344114,
6343750,
6343446,
6342496,
6342379,
6342345,
6342070,
6341654,
6341411,
6341382,
6340758,
6340446,
6340415,
6340257,
6340030,
6339866,
6339563,
6339465,
6338945,
6338839,
6337254,
6337190,
6336871,
6336226,
6335539,
6335324,
6335102,
6335096,
6334997,
6334546,
6333981,
6333346,
6333005,
6332996,
6332964,
6332718,
6332028,
6332021,
6331072,
6331066,
6330965,
6330884,
6330345,
6329968,
6329807,
6329697,
6329647,
6329257,
6329134,
6328560,
6327560,
6327171,
6326104,
6325480,
6325462,
6325457,
6325279,
6325156,
6324949,
6324829,
6324724,
6324426,
6323622,
6323503,
6322741,
6322462,
6321502,
6321274,
6320085,
6320021,
6318632,
6318349,
6318178,
6318158,
6318077,
6317984,
6317453,
6316915,
6316875,
6316679,
6316049,
6315962,
6315891,
6315850,
6315693,
6314766,
6314386,
6314096,
6313013,
6312931,
6312563,
6312238,
6311230,
6310952,
6310785,
6310750,
6310723,
6310486,
6310320,
6310276,
6310202,
6310185,
6309794,
6309756,
6309365,
6308302,
6308212,
6308105,
6308097,
6307907,
6307102,
6307076,
6306869,
6306227,
6306066,
6306046,
6306025,
6305849,
6305773,
6305272,
6305049,
6305017,
6304830,
6304435,
6303075,
6302932,
6302657,
6302585,
6301794,
6301615,
6300084,
6299628,
6299487,
6299179,
6297314,
6297276,
6295671,
6295312,
6294890,
6294764,
6291538,
6290908,
6290791,
6289545,
6289037,
6287535,
6287102,
6287088,
6286766,
6286396,
6286284,
6285935,
6285641,
6285356,
6285216,
6285070,
6284011,
6283960,
6283681,
6283071,
6282909,
6282900,
6282655,
6282571,
6282474,
6282135,
6281936,
6281893,
6281828,
6281344,
6280681,
6279689,
6279639,
6278194,
6278115,
6278075,
6278049,
6277862,
6277798,
6277323,
6276707,
6276268,
6276004,
6275937,
6275684,
6275681,
6275630,
6274986,
6273975,
6273957,
6273911,
6273895,
6273658,
6273136,
6272852,
6272748,
6272197,
6272141,
6272094,
6272082,
6271899,
6271684,
6271663,
6271376,
6270801,
6270125,
6269150,
6268769,
6268584,
6268312,
6268047,
6267360,
6267338,
6266834,
6266254,
6266164,
6266030,
6265941,
6264886,
6264824,
6264648,
6264352,
6264142,
6263890,
6263756,
6263657,
6262936,
6262878,
6261998,
6259836,
6259624,
6259507,
6259340,
6259132,
6258636,
6258411,
6257927,
6257916,
6257612,
6257451,
6257296,
6257130,
6257056,
6257043,
6256924,
6256702,
6256516,
6255648,
6254386,
6254131,
6254090,
6253953,
6253912,
6253677,
6252921,
6252629,
6252594,
6252568,
6252512,
6252504,
6252446,
6252410,
6252387,
6251880,
6251698,
6251666,
6251235,
6251165,
6249907,
6249794,
6249631,
6249348,
6249270,
6249239,
6249082,
6248985,
6248970,
6248894,
6248866,
6248745,
6248293,
6248094,
6248006,
6247897,
6247845,
6247649,
6247122,
6246803,
6246484,
6246464,
6246390,
6246067,
6245823,
6245713,
6245478,
6245112,
6244943,
6244859,
6244799,
6244587,
6244581,
6244091,
6243739,
6242501,
6241910,
6241388,
6240457,
6240248,
6240169,
6239897,
6239761,
6239004,
6238419,
6237827,
6237668,
6237531,
6237247,
6236732,
6235197,
6234333,
6234238,
6233568,
6233446,
6233038,
6232865,
6231438,
6231056,
6231027,
6230964,
6230878,
6229347,
6228695,
6228689,
6228430,
6228405,
6227206,
6226629,
6226184,
6226183,
6226180,
6225538,
6225320,
6225089,
6225018,
6224976,
6224969,
6224904,
6224642,
6224517,
6224500,
6224362,
6224355,
6224137,
6223764,
6223631,
6223566,
6223132,
6223021,
6222609,
6222593,
6222551,
6222520,
6222428,
6222289,
6222137,
6222118,
6222097,
6221980,
6221583,
6221568,
6221557,
6221345,
6221147,
6220987,
6220772,
6220557,
6220489,
6220409,
6220359,
6220271,
6219948,
6219817,
6219811,
6219804,
6219328,
6218609,
6218360,
6217204,
6217089,
6216904,
6216269,
6216236,
6216073,
6215503,
6215385,
6215028,
6214874,
6214039,
6213761,
6213469,
6213163,
6212633,
6212378,
6212357,
6212184,
6211589,
6210985,
6210616,
6210576,
6209826,
6209797,
6209442,
6209334,
6208539,
6207976,
6207361,
6206998,
6205978,
6205805,
6205757,
6205554,
6205360,
6205250,
6204908,
6204598,
6204586,
6204424,
6204317,
6203689,
6203568,
6203105,
6202860,
6202353,
6201876,
6201371,
6200921,
6200423,
6200381,
6200248,
6200223,
6200143,
6200067,
6199083,
6199011,
6198413,
6198215,
6198100,
6197791,
6197731,
6197449,
6197104,
6196861,
6196370,
6196065,
6195779,
6195469,
6195359,
6195289,
6195266,
6194733,
6194425,
6193338,
6193288,
6193198,
6193040,
6192944,
6192902,
6192163,
6192122,
6192085,
6192073,
6192072,
6191962,
6191876,
6191525,
6191384,
6191144,
6191109,
6190690,
6190048,
6189813,
6189324,
6189189,
6188667,
6188635,
6188388,
6188329,
6188245,
6188244,
6188167,
6187656,
6187579,
6187457,
6187322,
6187294,
6187201,
6187046,
6186940,
6186800,
6186291,
6185767,
6185716,
6185463,
6185160,
6185148,
6185085,
6185035,
6184837,
6183549,
6183484,
6183437,
6183179,
6183079,
6182531,
6182491,
6182384,
6181448,
6180739,
6180339,
6180007,
6179285,
6178411,
6177427,
6177175,
6176943,
6176184,
6176022,
6175837,
6175824,
6175073,
6174238,
6173760,
6173754,
6173272,
6173096,
6172376,
6172373,
6171799,
6171677,
6171088,
6171071,
6170869,
6170820,
6170412,
6170162,
6169866,
6168937,
6168710,
6168595,
6168338,
6167932,
6167208,
6166959,
6166770,
6166533,
6166479,
6166410,
6166309,
6165911,
6165734,
6165480,
6165010,
6164692,
6164067,
6164012,
6163955,
6163945,
6163494,
6162940,
6162935,
6162931,
6162753,
6162552,
6162477,
6162460,
6162448,
6162219,
6162202,
6162195,
6162139,
6162130,
6162005,
6161742,
6161084,
6160707,
6160340,
6160317,
6160281,
6159856,
6159565,
6158940,
6158339,
6158283,
6158235,
6158004,
6157924,
6157895,
6157868,
6157738,
6157449,
6157378,
6157320,
6156565,
6156099,
6156007,
6155914,
6155624,
6155532,
6155368,
6155044,
6155023,
6154982,
6154845,
6154811,
6154802,
6154725,
6154701,
6154152,
6154049,
6154042,
6152376,
6151929,
6151411,
6151387,
6151317,
6151137,
6150465,
6150437,
6150342,
6149666,
6149422,
6149212,
6149098,
6148547,
6148306,
6148190,
6147741,
6147711,
6147401,
6146969,
6146958,
6146864,
6146720,
6146157,
6146157,
6145917,
6145699,
6145636,
6145615,
6145555
]